rectangle
    1.000000      0.1250000    
   0.9739428      0.1250000    
   0.9399337      0.1250000    
   0.9026811      0.1250000    
   0.8633988      0.1250000    
   0.8230088      0.1250000    
   0.7820631      0.1250000    
   0.7408511      0.1250000    
   0.6995148      0.1250000    
   0.6581223      0.1250000    
   0.6167070      0.1250000    
   0.5752880      0.1250000    
   0.5338823      0.1250000    
   0.4925151      0.1250000    
   0.4512352      0.1250000    
   0.4101449      0.1250000    
   0.3694553      0.1250000    
   0.3295842      0.1250000    
   0.2912797      0.1250000    
   0.2556562      0.1250000    
   0.2239200      0.1250000    
   0.1968079      0.1250000    
   0.1742680      0.1250000    
   0.1556823      0.1250000    
   0.1402667      0.1250000    
   0.1273161      0.1250000    
   0.1162731      0.1249999    
   0.1067178      0.1250004    
   0.9833955E-01  0.1249993    
   0.9090463E-01  0.1249990    
   0.8423409E-01  0.1250078    
   0.7820436E-01  0.1249898    
   0.7269829E-01  0.1249726    
   0.6759555E-01  0.1250521    
   0.6286636E-01  0.1251051    
   0.5853422E-01  0.1248768    
   0.5457684E-01  0.1242759    
   0.5093596E-01  0.1233578    
   0.4756516E-01  0.1221729    
   0.4442878E-01  0.1207599    
   0.4149872E-01  0.1191493    
   0.3875240E-01  0.1173656    
   0.3617133E-01  0.1154290    
   0.3374019E-01  0.1133562    
   0.3144608E-01  0.1111613    
   0.2927803E-01  0.1088563    
   0.2722665E-01  0.1064515    
   0.2528381E-01  0.1039560    
   0.2344244E-01  0.1013777    
   0.2169630E-01  0.9872351E-01
   0.2003995E-01  0.9599958E-01
   0.1846851E-01  0.9321147E-01
   0.1697767E-01  0.9036414E-01
   0.1556357E-01  0.8746210E-01
   0.1422274E-01  0.8450942E-01
   0.1295207E-01  0.8150983E-01
   0.1174874E-01  0.7846674E-01
   0.1061021E-01  0.7538331E-01
   0.9534183E-02  0.7226243E-01
   0.8518560E-02  0.6910681E-01
   0.7561443E-02  0.6591897E-01
   0.6661105E-02  0.6270124E-01
   0.5815976E-02  0.5945583E-01
   0.5024623E-02  0.5618483E-01
   0.4285747E-02  0.5289018E-01
   0.3598165E-02  0.4957375E-01
   0.2960805E-02  0.4623731E-01
   0.2372694E-02  0.4288254E-01
   0.1832955E-02  0.3951105E-01
   0.1340799E-02  0.3612440E-01
   0.8955162E-03  0.3272406E-01
   0.4964781E-03  0.2931150E-01
   0.1431281E-03  0.2588810E-01
  -0.1650204E-03  0.2245523E-01
  -0.4283866E-03  0.1901421E-01
  -0.6473255E-03  0.1556634E-01
  -0.8221299E-03  0.1211290E-01
  -0.9530319E-03  0.8655139E-02
  -0.1040204E-02  0.5194309E-02
  -0.1083762E-02  0.1731641E-02
  -0.1083762E-02 -0.1731641E-02
  -0.1040204E-02 -0.5194309E-02
  -0.9530319E-03 -0.8655139E-02
  -0.8221299E-03 -0.1211290E-01
  -0.6473255E-03 -0.1556634E-01
  -0.4283866E-03 -0.1901421E-01
  -0.1650204E-03 -0.2245523E-01
   0.1431281E-03 -0.2588810E-01
   0.4964781E-03 -0.2931150E-01
   0.8955162E-03 -0.3272406E-01
   0.1340799E-02 -0.3612440E-01
   0.1832955E-02 -0.3951105E-01
   0.2372694E-02 -0.4288254E-01
   0.2960805E-02 -0.4623731E-01
   0.3598165E-02 -0.4957375E-01
   0.4285747E-02 -0.5289018E-01
   0.5024623E-02 -0.5618483E-01
   0.5815976E-02 -0.5945583E-01
   0.6661105E-02 -0.6270124E-01
   0.7561443E-02 -0.6591897E-01
   0.8518560E-02 -0.6910681E-01
   0.9534183E-02 -0.7226243E-01
   0.1061021E-01 -0.7538331E-01
   0.1174874E-01 -0.7846674E-01
   0.1295207E-01 -0.8150983E-01
   0.1422274E-01 -0.8450942E-01
   0.1556357E-01 -0.8746210E-01
   0.1697767E-01 -0.9036414E-01
   0.1846851E-01 -0.9321147E-01
   0.2003995E-01 -0.9599958E-01
   0.2169630E-01 -0.9872351E-01
   0.2344244E-01 -0.1013777    
   0.2528381E-01 -0.1039560    
   0.2722665E-01 -0.1064515    
   0.2927803E-01 -0.1088563    
   0.3144608E-01 -0.1111613    
   0.3374019E-01 -0.1133562    
   0.3617133E-01 -0.1154290    
   0.3875240E-01 -0.1173656    
   0.4149872E-01 -0.1191493    
   0.4442878E-01 -0.1207599    
   0.4756516E-01 -0.1221729    
   0.5093596E-01 -0.1233578    
   0.5457684E-01 -0.1242759    
   0.5853422E-01 -0.1248768    
   0.6286636E-01 -0.1251051    
   0.6759555E-01 -0.1250521    
   0.7269829E-01 -0.1249726    
   0.7820436E-01 -0.1249898    
   0.8423409E-01 -0.1250078    
   0.9090463E-01 -0.1249990    
   0.9833955E-01 -0.1249993    
   0.1067178     -0.1250004    
   0.1162731     -0.1249999    
   0.1273161     -0.1250000    
   0.1402667     -0.1250000    
   0.1556823     -0.1250000    
   0.1742680     -0.1250000    
   0.1968079     -0.1250000    
   0.2239200     -0.1250000    
   0.2556562     -0.1250000    
   0.2912797     -0.1250000    
   0.3295842     -0.1250000    
   0.3694553     -0.1250000    
   0.4101449     -0.1250000    
   0.4512352     -0.1250000    
   0.4925151     -0.1250000    
   0.5338823     -0.1250000    
   0.5752880     -0.1250000    
   0.6167070     -0.1250000    
   0.6581223     -0.1250000    
   0.6995148     -0.1250000    
   0.7408511     -0.1250000    
   0.7820631     -0.1250000    
   0.8230088     -0.1250000    
   0.8633988     -0.1250000    
   0.9026811     -0.1250000    
   0.9399337     -0.1250000    
   0.9739428     -0.1250000    
    1.000000     -0.1250000    
