gdes
   0.9644067     -0.1944844    
   0.9650190     -0.1830919    
   0.9644408     -0.1714051    
   0.9652475     -0.1616834    
   0.9644111     -0.1517082    
   0.9643903     -0.1426893    
   0.9585147     -0.1339356    
   0.9470711     -0.1264657    
   0.9318401     -0.1198318    
   0.9151415     -0.1131864    
   0.8982703     -0.1060524    
   0.8822107     -0.9927512E-01
   0.8665024     -0.9260397E-01
   0.8496743     -0.8622332E-01
   0.8319483     -0.7949170E-01
   0.8140370     -0.7253653E-01
   0.7958413     -0.6581831E-01
   0.7776169     -0.5921243E-01
   0.7594141     -0.5312161E-01
   0.7414665     -0.4704581E-01
   0.7238804     -0.4085341E-01
   0.7064604     -0.3472346E-01
   0.6890366     -0.2841570E-01
   0.6712606     -0.2219755E-01
   0.6535375     -0.1638635E-01
   0.6362105     -0.1092926E-01
   0.6200834     -0.5835339E-02
   0.6071047     -0.3230843E-03
   0.5985032      0.4951114E-02
   0.5916986      0.9218301E-02
   0.5866746      0.1352108E-01
   0.5818120      0.1686614E-01
   0.5774960      0.1963296E-01
   0.5747096      0.2295095E-01
   0.5725752      0.2562855E-01
   0.5705385      0.2859237E-01
   0.5681591      0.3162957E-01
   0.5651690      0.3421639E-01
   0.5621079      0.3631651E-01
   0.5595347      0.3871843E-01
   0.5574937      0.4089812E-01
   0.5565233      0.4383739E-01
   0.5544827      0.4625233E-01
   0.5521060      0.4824105E-01
   0.5510906      0.5093902E-01
   0.5491961      0.5296810E-01
   0.5481976      0.5540252E-01
   0.5472026      0.5762107E-01
   0.5459622      0.5950372E-01
   0.5454101      0.6119091E-01
   0.5442521      0.6266845E-01
   0.5436764      0.6467081E-01
   0.5428588      0.6670100E-01
   0.5413859      0.6854070E-01
   0.5393105      0.7050998E-01
   0.5374201      0.7323144E-01
   0.5349178      0.7612101E-01
   0.5316046      0.7931844E-01
   0.5284296      0.8362689E-01
   0.5228216      0.8769356E-01
   0.5135924      0.9078238E-01
   0.5004341      0.9294558E-01
   0.4841243      0.9344166E-01
   0.4677964      0.9403815E-01
   0.4526335      0.9366028E-01
   0.4377413      0.9364313E-01
   0.4212433      0.9381216E-01
   0.4045610      0.9386535E-01
   0.3871143      0.9422540E-01
   0.3688207      0.9454857E-01
   0.3521246      0.9519772E-01
   0.3368276      0.9552928E-01
   0.3216862      0.9607114E-01
   0.3069978      0.9626334E-01
   0.2918020      0.9581867E-01
   0.2757316      0.9619662E-01
   0.2608828      0.9638627E-01
   0.2488153      0.9579997E-01
   0.2386986      0.9477612E-01
   0.2321172      0.9090496E-01
   0.2264576      0.8803120E-01
   0.2205119      0.8540708E-01
   0.2122102      0.8426878E-01
   0.2004829      0.8419208E-01
   0.1847675      0.8508260E-01
   0.1666826      0.8639908E-01
   0.1477294      0.8766379E-01
   0.1287060      0.8868980E-01
   0.1102799      0.8959632E-01
   0.9336724E-01  0.8987191E-01
   0.7649198E-01  0.9034471E-01
   0.6087369E-01  0.9030062E-01
   0.4707929E-01  0.8934080E-01
   0.3408024E-01  0.8838435E-01
   0.2214085E-01  0.8720921E-01
   0.1181635E-01  0.8461059E-01
   0.4608804E-02  0.7986876E-01
   0.8020580E-03  0.7298630E-01
   0.9382184E-03  0.6481531E-01
   0.1795536E-03  0.5613939E-01
   0.7035062E-03  0.4597828E-01
  -0.6449100E-03  0.3594196E-01
  -0.4443687E-03  0.2588164E-01
  -0.7308106E-03  0.1701348E-01
  -0.3098408E-03  0.8527410E-02
   0.1931597E-02  0.4652739E-03
   0.6213125E-02 -0.7425351E-02
   0.1661436E-01 -0.1327799E-01
   0.3121222E-01 -0.1746056E-01
   0.4811863E-01 -0.2041023E-01
   0.6609809E-01 -0.2316073E-01
   0.8455460E-01 -0.2580557E-01
   0.1031413     -0.2843978E-01
   0.1215734     -0.3111200E-01
   0.1403709     -0.3392713E-01
   0.1592389     -0.3691662E-01
   0.1779969     -0.3979616E-01
   0.1966843     -0.4255268E-01
   0.2153589     -0.4513032E-01
   0.2339890     -0.4798323E-01
   0.2525517     -0.5090385E-01
   0.2707325     -0.5394921E-01
   0.2886437     -0.5687261E-01
   0.3065739     -0.5984266E-01
   0.3244911     -0.6276398E-01
   0.3426806     -0.6573775E-01
   0.3612705     -0.6873735E-01
   0.3799657     -0.7178050E-01
   0.3987446     -0.7487258E-01
   0.4173388     -0.7824145E-01
   0.4360648     -0.8170733E-01
   0.4549733     -0.8530970E-01
   0.4737242     -0.8892080E-01
   0.4921988     -0.9264474E-01
   0.5102331     -0.9642611E-01
   0.5287145     -0.1002048    
   0.5473109     -0.1039883    
   0.5660860     -0.1080039    
   0.5848602     -0.1120107    
   0.6033473     -0.1160114    
   0.6211498     -0.1197662    
   0.6391104     -0.1237508    
   0.6574528     -0.1277701    
   0.6756306     -0.1320216    
   0.6933112     -0.1363720    
   0.7112924     -0.1409111    
   0.7289617     -0.1452734    
   0.7465973     -0.1495743    
   0.7646674     -0.1541983    
   0.7824954     -0.1590449    
   0.8006595     -0.1641656    
   0.8185563     -0.1693251    
   0.8362593     -0.1744921    
   0.8542991     -0.1799994    
   0.8720220     -0.1854242    
   0.8896008     -0.1909323    
   0.9078393     -0.1964980    
   0.9259888     -0.2021639    
   0.9441792     -0.2077823    
   0.9593343     -0.2125766    
